Time Group Cohort Stock FPS FVS CEP BML PL DL DR DC
0.000000e+000 FPS 0 0 0.000000e+000 0.000000e+000 0.000000e+000 0.000000e+000 0.000000e+000 0.000000e+000 0.000000e+000 0.000000e+000
0.000000e+000 FPS 1 0 0.000000e+000 0.000000e+000 0.000000e+000 0.000000e+000 0.000000e+000 0.000000e+000 0.000000e+000 0.000000e+000
0.000000e+000 FPS 2 0 0.000000e+000 0.000000e+000 0.000000e+000 0.000000e+000 0.000000e+000 0.000000e+000 0.000000e+000 0.000000e+000
0.000000e+000 FPS 3 0 0.000000e+000 0.000000e+000 0.000000e+000 0.000000e+000 0.000000e+000 0.000000e+000 0.000000e+000 0.000000e+000
0.000000e+000 FPS 4 0 0.000000e+000 0.000000e+000 0.000000e+000 0.000000e+000 0.000000e+000 0.000000e+000 0.000000e+000 0.000000e+000
0.000000e+000 FPS 5 0 0.000000e+000 0.000000e+000 0.000000e+000 0.000000e+000 0.000000e+000 0.000000e+000 0.000000e+000 0.000000e+000
0.000000e+000 FPS 6 0 0.000000e+000 0.000000e+000 0.000000e+000 0.000000e+000 0.000000e+000 0.000000e+000 0.000000e+000 0.000000e+000
0.000000e+000 FPS 7 0 0.000000e+000 0.000000e+000 0.000000e+000 0.000000e+000 0.000000e+000 0.000000e+000 0.000000e+000 0.000000e+000
0.000000e+000 FPS 8 0 0.000000e+000 0.000000e+000 0.000000e+000 0.000000e+000 0.000000e+000 0.000000e+000 0.000000e+000 0.000000e+000
0.000000e+000 FPS 9 0 0.000000e+000 0.000000e+000 0.000000e+000 0.000000e+000 0.000000e+000 0.000000e+000 0.000000e+000 0.000000e+000
0.000000e+000 FVS 0 0 0.000000e+000 0.000000e+000 0.000000e+000 0.000000e+000 0.000000e+000 0.000000e+000 0.000000e+000 0.000000e+000
0.000000e+000 FVS 1 0 0.000000e+000 0.000000e+000 0.000000e+000 0.000000e+000 0.000000e+000 0.000000e+000 0.000000e+000 0.000000e+000
0.000000e+000 FVS 2 0 0.000000e+000 0.000000e+000 0.000000e+000 0.000000e+000 0.000000e+000 0.000000e+000 0.000000e+000 0.000000e+000
0.000000e+000 FVS 3 0 0.000000e+000 0.000000e+000 0.000000e+000 0.000000e+000 0.000000e+000 0.000000e+000 0.000000e+000 0.000000e+000
0.000000e+000 FVS 4 0 0.000000e+000 0.000000e+000 0.000000e+000 0.000000e+000 0.000000e+000 0.000000e+000 0.000000e+000 0.000000e+000
0.000000e+000 FVS 5 0 0.000000e+000 0.000000e+000 0.000000e+000 0.000000e+000 0.000000e+000 0.000000e+000 0.000000e+000 0.000000e+000
0.000000e+000 FVS 6 0 0.000000e+000 0.000000e+000 0.000000e+000 0.000000e+000 0.000000e+000 0.000000e+000 0.000000e+000 0.000000e+000
0.000000e+000 FVS 7 0 0.000000e+000 0.000000e+000 0.000000e+000 0.000000e+000 0.000000e+000 0.000000e+000 0.000000e+000 0.000000e+000
0.000000e+000 FVS 8 0 0.000000e+000 0.000000e+000 0.000000e+000 0.000000e+000 0.000000e+000 0.000000e+000 0.000000e+000 0.000000e+000
0.000000e+000 FVS 9 0 0.000000e+000 0.000000e+000 0.000000e+000 0.000000e+000 0.000000e+000 0.000000e+000 0.000000e+000 0.000000e+000
0.000000e+000 CEP 0 0 0.000000e+000 0.000000e+000 0.000000e+000 0.000000e+000 0.000000e+000 0.000000e+000 0.000000e+000 0.000000e+000
0.000000e+000 CEP 1 0 0.000000e+000 0.000000e+000 0.000000e+000 0.000000e+000 0.000000e+000 0.000000e+000 0.000000e+000 0.000000e+000
0.000000e+000 BML 0 0 0.000000e+000 0.000000e+000 0.000000e+000 0.000000e+000 0.000000e+000 0.000000e+000 0.000000e+000 0.000000e+000
0.000000e+000 PL 0 0 0.000000e+000 0.000000e+000 0.000000e+000 0.000000e+000 0.000000e+000 0.000000e+000 0.000000e+000 0.000000e+000
0.000000e+000 DL 0 0 0.000000e+000 0.000000e+000 0.000000e+000 0.000000e+000 0.000000e+000 0.000000e+000 0.000000e+000 0.000000e+000
0.000000e+000 DR 0 0 0.000000e+000 0.000000e+000 0.000000e+000 0.000000e+000 0.000000e+000 0.000000e+000 0.000000e+000 0.000000e+000
0.000000e+000 DC 0 0 0.000000e+000 0.000000e+000 0.000000e+000 0.000000e+000 0.000000e+000 0.000000e+000 0.000000e+000 0.000000e+000
0.000000e+000 FPS 0 0 0.000000e+000 0.000000e+000 0.000000e+000 0.000000e+000 0.000000e+000 0.000000e+000 0.000000e+000 0.000000e+000
0.000000e+000 FPS 1 0 0.000000e+000 0.000000e+000 0.000000e+000 0.000000e+000 0.000000e+000 0.000000e+000 0.000000e+000 0.000000e+000
0.000000e+000 FPS 2 0 0.000000e+000 0.000000e+000 0.000000e+000 0.000000e+000 0.000000e+000 0.000000e+000 0.000000e+000 0.000000e+000
0.000000e+000 FPS 3 0 0.000000e+000 0.000000e+000 0.000000e+000 0.000000e+000 0.000000e+000 0.000000e+000 0.000000e+000 0.000000e+000
0.000000e+000 FPS 4 0 0.000000e+000 0.000000e+000 0.000000e+000 0.000000e+000 0.000000e+000 0.000000e+000 0.000000e+000 0.000000e+000
0.000000e+000 FPS 5 0 0.000000e+000 0.000000e+000 0.000000e+000 0.000000e+000 0.000000e+000 0.000000e+000 0.000000e+000 0.000000e+000
0.000000e+000 FPS 6 0 0.000000e+000 0.000000e+000 0.000000e+000 0.000000e+000 0.000000e+000 0.000000e+000 0.000000e+000 0.000000e+000
0.000000e+000 FPS 7 0 0.000000e+000 0.000000e+000 0.000000e+000 0.000000e+000 0.000000e+000 0.000000e+000 0.000000e+000 0.000000e+000
0.000000e+000 FPS 8 0 0.000000e+000 0.000000e+000 0.000000e+000 0.000000e+000 0.000000e+000 0.000000e+000 0.000000e+000 0.000000e+000
0.000000e+000 FPS 9 0 0.000000e+000 0.000000e+000 0.000000e+000 0.000000e+000 0.000000e+000 0.000000e+000 0.000000e+000 0.000000e+000
0.000000e+000 FVS 0 0 0.000000e+000 0.000000e+000 0.000000e+000 0.000000e+000 0.000000e+000 0.000000e+000 0.000000e+000 0.000000e+000
0.000000e+000 FVS 1 0 0.000000e+000 0.000000e+000 0.000000e+000 0.000000e+000 0.000000e+000 0.000000e+000 0.000000e+000 0.000000e+000
0.000000e+000 FVS 2 0 0.000000e+000 0.000000e+000 0.000000e+000 0.000000e+000 0.000000e+000 0.000000e+000 0.000000e+000 0.000000e+000
0.000000e+000 FVS 3 0 0.000000e+000 0.000000e+000 0.000000e+000 0.000000e+000 0.000000e+000 0.000000e+000 0.000000e+000 0.000000e+000
0.000000e+000 FVS 4 0 0.000000e+000 0.000000e+000 0.000000e+000 0.000000e+000 0.000000e+000 0.000000e+000 0.000000e+000 0.000000e+000
0.000000e+000 FVS 5 0 0.000000e+000 0.000000e+000 0.000000e+000 0.000000e+000 0.000000e+000 0.000000e+000 0.000000e+000 0.000000e+000
0.000000e+000 FVS 6 0 0.000000e+000 0.000000e+000 0.000000e+000 0.000000e+000 0.000000e+000 0.000000e+000 0.000000e+000 0.000000e+000
0.000000e+000 FVS 7 0 0.000000e+000 0.000000e+000 0.000000e+000 0.000000e+000 0.000000e+000 0.000000e+000 0.000000e+000 0.000000e+000
0.000000e+000 FVS 8 0 0.000000e+000 0.000000e+000 0.000000e+000 0.000000e+000 0.000000e+000 0.000000e+000 0.000000e+000 0.000000e+000
0.000000e+000 FVS 9 0 0.000000e+000 0.000000e+000 0.000000e+000 0.000000e+000 0.000000e+000 0.000000e+000 0.000000e+000 0.000000e+000
0.000000e+000 CEP 0 0 0.000000e+000 0.000000e+000 0.000000e+000 0.000000e+000 0.000000e+000 0.000000e+000 0.000000e+000 0.000000e+000
0.000000e+000 CEP 1 0 0.000000e+000 0.000000e+000 0.000000e+000 0.000000e+000 0.000000e+000 0.000000e+000 0.000000e+000 0.000000e+000
0.000000e+000 BML 0 0 0.000000e+000 0.000000e+000 0.000000e+000 0.000000e+000 0.000000e+000 0.000000e+000 0.000000e+000 0.000000e+000
0.000000e+000 PL 0 0 0.000000e+000 0.000000e+000 0.000000e+000 0.000000e+000 0.000000e+000 0.000000e+000 0.000000e+000 0.000000e+000
0.000000e+000 DL 0 0 0.000000e+000 0.000000e+000 0.000000e+000 0.000000e+000 0.000000e+000 0.000000e+000 0.000000e+000 0.000000e+000
0.000000e+000 DR 0 0 0.000000e+000 0.000000e+000 0.000000e+000 0.000000e+000 0.000000e+000 0.000000e+000 0.000000e+000 0.000000e+000
0.000000e+000 DC 0 0 0.000000e+000 0.000000e+000 0.000000e+000 0.000000e+000 0.000000e+000 0.000000e+000 0.000000e+000 0.000000e+000
3.650000e+002 FPS 0 0 2.325791e-007 0.000000e+000 0.000000e+000 0.000000e+000 0.000000e+000 0.000000e+000 0.000000e+000 0.000000e+000
3.650000e+002 FPS 1 0 2.514809e-005 8.758184e-001 4.283039e-003 0.000000e+000 0.000000e+000 0.000000e+000 0.000000e+000 0.000000e+000
3.650000e+002 FPS 2 0 5.223230e-005 3.129781e+000 1.547863e-002 0.000000e+000 0.000000e+000 0.000000e+000 0.000000e+000 0.000000e+000
3.650000e+002 FPS 3 0 0.000000e+000 2.767224e-001 2.740367e-002 0.000000e+000 0.000000e+000 0.000000e+000 0.000000e+000 0.000000e+000
3.650000e+002 FPS 4 0 0.000000e+000 3.571649e-001 3.540183e-002 0.000000e+000 0.000000e+000 0.000000e+000 0.000000e+000 0.000000e+000
3.650000e+002 FPS 5 0 0.000000e+000 4.051593e-001 4.017194e-002 0.000000e+000 0.000000e+000 0.000000e+000 0.000000e+000 0.000000e+000
3.650000e+002 FPS 6 0 0.000000e+000 4.344624e-001 4.307878e-002 0.000000e+000 0.000000e+000 0.000000e+000 0.000000e+000 0.000000e+000
3.650000e+002 FPS 7 0 0.000000e+000 4.519378e-001 4.480703e-002 0.000000e+000 0.000000e+000 0.000000e+000 0.000000e+000 0.000000e+000
3.650000e+002 FPS 8 0 0.000000e+000 4.599850e-001 4.561895e-002 0.000000e+000 0.000000e+000 0.000000e+000 0.000000e+000 0.000000e+000
3.650000e+002 FPS 9 0 0.000000e+000 4.653417e-001 4.614583e-002 0.000000e+000 0.000000e+000 0.000000e+000 0.000000e+000 0.000000e+000
3.650000e+002 FVS 0 0 0.000000e+000 4.402021e-002 0.000000e+000 0.000000e+000 0.000000e+000 0.000000e+000 0.000000e+000 0.000000e+000
3.650000e+002 FVS 1 0 0.000000e+000 0.000000e+000 0.000000e+000 0.000000e+000 0.000000e+000 0.000000e+000 0.000000e+000 0.000000e+000
3.650000e+002 FVS 2 0 0.000000e+000 0.000000e+000 0.000000e+000 0.000000e+000 0.000000e+000 0.000000e+000 0.000000e+000 0.000000e+000
3.650000e+002 FVS 3 0 0.000000e+000 0.000000e+000 0.000000e+000 0.000000e+000 0.000000e+000 0.000000e+000 0.000000e+000 0.000000e+000
3.650000e+002 FVS 4 0 0.000000e+000 0.000000e+000 0.000000e+000 0.000000e+000 0.000000e+000 0.000000e+000 0.000000e+000 0.000000e+000
3.650000e+002 FVS 5 0 0.000000e+000 0.000000e+000 0.000000e+000 0.000000e+000 0.000000e+000 0.000000e+000 0.000000e+000 0.000000e+000
3.650000e+002 FVS 6 0 0.000000e+000 0.000000e+000 0.000000e+000 0.000000e+000 0.000000e+000 0.000000e+000 0.000000e+000 0.000000e+000
3.650000e+002 FVS 7 0 0.000000e+000 0.000000e+000 0.000000e+000 0.000000e+000 0.000000e+000 0.000000e+000 0.000000e+000 0.000000e+000
3.650000e+002 FVS 8 0 0.000000e+000 0.000000e+000 0.000000e+000 0.000000e+000 0.000000e+000 0.000000e+000 0.000000e+000 0.000000e+000
3.650000e+002 FVS 9 0 0.000000e+000 0.000000e+000 0.000000e+000 0.000000e+000 0.000000e+000 0.000000e+000 0.000000e+000 0.000000e+000
3.650000e+002 CEP 0 0 0.000000e+000 6.796054e+008 4.729683e+003 0.000000e+000 0.000000e+000 0.000000e+000 0.000000e+000 0.000000e+000
3.650000e+002 CEP 1 0 0.000000e+000 9.735963e-005 3.917527e-027 0.000000e+000 0.000000e+000 0.000000e+000 0.000000e+000 0.000000e+000
3.650000e+002 BML 0 0 0.000000e+000 0.000000e+000 0.000000e+000 0.000000e+000 0.000000e+000 0.000000e+000 0.000000e+000 0.000000e+000
3.650000e+002 PL 0 0 5.695259e-008 2.152398e-006 0.000000e+000 0.000000e+000 0.000000e+000 0.000000e+000 0.000000e+000 0.000000e+000
3.650000e+002 DL 0 0 6.846793e-009 0.000000e+000 0.000000e+000 5.455465e-010 0.000000e+000 0.000000e+000 0.000000e+000 0.000000e+000
3.650000e+002 DR 0 0 1.840166e-011 0.000000e+000 0.000000e+000 1.954971e-009 0.000000e+000 0.000000e+000 0.000000e+000 0.000000e+000
3.650000e+002 DC 0 0 0.000000e+000 0.000000e+000 0.000000e+000 0.000000e+000 0.000000e+000 0.000000e+000 0.000000e+000 0.000000e+000
3.650000e+002 FPS 0 0 2.325791e-007 0.000000e+000 0.000000e+000 0.000000e+000 0.000000e+000 0.000000e+000 0.000000e+000 0.000000e+000
3.650000e+002 FPS 1 0 2.514809e-005 8.758184e-001 4.283039e-003 0.000000e+000 0.000000e+000 0.000000e+000 0.000000e+000 0.000000e+000
3.650000e+002 FPS 2 0 5.223230e-005 3.129781e+000 1.547863e-002 0.000000e+000 0.000000e+000 0.000000e+000 0.000000e+000 0.000000e+000
3.650000e+002 FPS 3 0 0.000000e+000 2.767224e-001 2.740367e-002 0.000000e+000 0.000000e+000 0.000000e+000 0.000000e+000 0.000000e+000
3.650000e+002 FPS 4 0 0.000000e+000 3.571649e-001 3.540183e-002 0.000000e+000 0.000000e+000 0.000000e+000 0.000000e+000 0.000000e+000
3.650000e+002 FPS 5 0 0.000000e+000 4.051593e-001 4.017194e-002 0.000000e+000 0.000000e+000 0.000000e+000 0.000000e+000 0.000000e+000
3.650000e+002 FPS 6 0 0.000000e+000 4.344624e-001 4.307878e-002 0.000000e+000 0.000000e+000 0.000000e+000 0.000000e+000 0.000000e+000
3.650000e+002 FPS 7 0 0.000000e+000 4.519378e-001 4.480703e-002 0.000000e+000 0.000000e+000 0.000000e+000 0.000000e+000 0.000000e+000
3.650000e+002 FPS 8 0 0.000000e+000 4.599850e-001 4.561895e-002 0.000000e+000 0.000000e+000 0.000000e+000 0.000000e+000 0.000000e+000
3.650000e+002 FPS 9 0 0.000000e+000 4.653417e-001 4.614583e-002 0.000000e+000 0.000000e+000 0.000000e+000 0.000000e+000 0.000000e+000
3.650000e+002 FVS 0 0 0.000000e+000 4.402021e-002 0.000000e+000 0.000000e+000 0.000000e+000 0.000000e+000 0.000000e+000 0.000000e+000
3.650000e+002 FVS 1 0 0.000000e+000 0.000000e+000 0.000000e+000 0.000000e+000 0.000000e+000 0.000000e+000 0.000000e+000 0.000000e+000
3.650000e+002 FVS 2 0 0.000000e+000 0.000000e+000 0.000000e+000 0.000000e+000 0.000000e+000 0.000000e+000 0.000000e+000 0.000000e+000
3.650000e+002 FVS 3 0 0.000000e+000 0.000000e+000 0.000000e+000 0.000000e+000 0.000000e+000 0.000000e+000 0.000000e+000 0.000000e+000
3.650000e+002 FVS 4 0 0.000000e+000 0.000000e+000 0.000000e+000 0.000000e+000 0.000000e+000 0.000000e+000 0.000000e+000 0.000000e+000
3.650000e+002 FVS 5 0 0.000000e+000 0.000000e+000 0.000000e+000 0.000000e+000 0.000000e+000 0.000000e+000 0.000000e+000 0.000000e+000
3.650000e+002 FVS 6 0 0.000000e+000 0.000000e+000 0.000000e+000 0.000000e+000 0.000000e+000 0.000000e+000 0.000000e+000 0.000000e+000
3.650000e+002 FVS 7 0 0.000000e+000 0.000000e+000 0.000000e+000 0.000000e+000 0.000000e+000 0.000000e+000 0.000000e+000 0.000000e+000
3.650000e+002 FVS 8 0 0.000000e+000 0.000000e+000 0.000000e+000 0.000000e+000 0.000000e+000 0.000000e+000 0.000000e+000 0.000000e+000
3.650000e+002 FVS 9 0 0.000000e+000 0.000000e+000 0.000000e+000 0.000000e+000 0.000000e+000 0.000000e+000 0.000000e+000 0.000000e+000
3.650000e+002 CEP 0 0 0.000000e+000 6.796054e+008 4.729683e+003 0.000000e+000 0.000000e+000 0.000000e+000 0.000000e+000 0.000000e+000
3.650000e+002 CEP 1 0 0.000000e+000 9.735963e-005 3.917527e-027 0.000000e+000 0.000000e+000 0.000000e+000 0.000000e+000 0.000000e+000
3.650000e+002 BML 0 0 0.000000e+000 0.000000e+000 0.000000e+000 0.000000e+000 0.000000e+000 0.000000e+000 0.000000e+000 0.000000e+000
3.650000e+002 PL 0 0 2.791453e-005 1.079583e-003 0.000000e+000 0.000000e+000 0.000000e+000 0.000000e+000 0.000000e+000 0.000000e+000
3.650000e+002 DL 0 0 3.924783e-008 0.000000e+000 0.000000e+000 5.920788e-009 0.000000e+000 0.000000e+000 0.000000e+000 0.000000e+000
3.650000e+002 DR 0 0 3.498726e-010 0.000000e+000 0.000000e+000 1.849003e-007 0.000000e+000 0.000000e+000 0.000000e+000 0.000000e+000
3.650000e+002 DC 0 0 0.000000e+000 0.000000e+000 0.000000e+000 3.262306e-007 0.000000e+000 0.000000e+000 0.000000e+000 0.000000e+000
7.300000e+002 FPS 0 0 1.426568e-007 0.000000e+000 0.000000e+000 0.000000e+000 0.000000e+000 0.000000e+000 0.000000e+000 0.000000e+000
7.300000e+002 FPS 1 0 1.191392e-006 1.917561e-002 3.367839e-005 0.000000e+000 0.000000e+000 0.000000e+000 0.000000e+000 0.000000e+000
7.300000e+002 FPS 2 0 5.465680e-005 1.971568e+000 1.572862e-002 0.000000e+000 0.000000e+000 0.000000e+000 0.000000e+000 0.000000e+000
7.300000e+002 FPS 3 0 0.000000e+000 3.170097e-001 5.144764e-002 0.000000e+000 0.000000e+000 0.000000e+000 0.000000e+000 0.000000e+000
7.300000e+002 FPS 4 0 0.000000e+000 5.250540e-001 8.519852e-002 0.000000e+000 0.000000e+000 0.000000e+000 0.000000e+000 0.000000e+000
7.300000e+002 FPS 5 0 0.000000e+000 6.675437e-001 1.082509e-001 0.000000e+000 0.000000e+000 0.000000e+000 0.000000e+000 0.000000e+000
7.300000e+002 FPS 6 0 0.000000e+000 7.535318e-001 1.222264e-001 0.000000e+000 0.000000e+000 0.000000e+000 0.000000e+000 0.000000e+000
7.300000e+002 FPS 7 0 0.000000e+000 8.082370e-001 1.311122e-001 0.000000e+000 0.000000e+000 0.000000e+000 0.000000e+000 0.000000e+000
7.300000e+002 FPS 8 0 0.000000e+000 8.418907e-001 1.365601e-001 0.000000e+000 0.000000e+000 0.000000e+000 0.000000e+000 0.000000e+000
7.300000e+002 FPS 9 0 0.000000e+000 8.529717e-001 1.383580e-001 0.000000e+000 0.000000e+000 0.000000e+000 0.000000e+000 0.000000e+000
7.300000e+002 FVS 0 0 0.000000e+000 3.367279e-001 0.000000e+000 0.000000e+000 0.000000e+000 0.000000e+000 0.000000e+000 0.000000e+000
7.300000e+002 FVS 1 0 0.000000e+000 7.226031e-001 0.000000e+000 0.000000e+000 0.000000e+000 0.000000e+000 0.000000e+000 0.000000e+000
7.300000e+002 FVS 2 0 0.000000e+000 0.000000e+000 0.000000e+000 0.000000e+000 0.000000e+000 0.000000e+000 0.000000e+000 0.000000e+000
7.300000e+002 FVS 3 0 0.000000e+000 0.000000e+000 0.000000e+000 0.000000e+000 0.000000e+000 0.000000e+000 0.000000e+000 0.000000e+000
7.300000e+002 FVS 4 0 0.000000e+000 0.000000e+000 0.000000e+000 0.000000e+000 0.000000e+000 0.000000e+000 0.000000e+000 0.000000e+000
7.300000e+002 FVS 5 0 0.000000e+000 0.000000e+000 0.000000e+000 0.000000e+000 0.000000e+000 0.000000e+000 0.000000e+000 0.000000e+000
7.300000e+002 FVS 6 0 0.000000e+000 0.000000e+000 0.000000e+000 0.000000e+000 0.000000e+000 0.000000e+000 0.000000e+000 0.000000e+000
7.300000e+002 FVS 7 0 0.000000e+000 0.000000e+000 0.000000e+000 0.000000e+000 0.000000e+000 0.000000e+000 0.000000e+000 0.000000e+000
7.300000e+002 FVS 8 0 0.000000e+000 0.000000e+000 0.000000e+000 0.000000e+000 0.000000e+000 0.000000e+000 0.000000e+000 0.000000e+000
7.300000e+002 FVS 9 0 0.000000e+000 0.000000e+000 0.000000e+000 0.000000e+000 0.000000e+000 0.000000e+000 0.000000e+000 0.000000e+000
7.300000e+002 CEP 0 0 0.000000e+000 4.385835e+000 8.111145e-005 0.000000e+000 0.000000e+000 0.000000e+000 0.000000e+000 0.000000e+000
7.300000e+002 CEP 1 0 0.000000e+000 3.240620e-004 8.843008e-026 0.000000e+000 0.000000e+000 0.000000e+000 0.000000e+000 0.000000e+000
7.300000e+002 BML 0 0 0.000000e+000 0.000000e+000 0.000000e+000 0.000000e+000 0.000000e+000 0.000000e+000 0.000000e+000 0.000000e+000
7.300000e+002 PL 0 0 3.312987e-008 4.433888e-007 0.000000e+000 0.000000e+000 0.000000e+000 0.000000e+000 0.000000e+000 0.000000e+000
7.300000e+002 DL 0 0 5.595104e-012 0.000000e+000 0.000000e+000 6.561077e-013 0.000000e+000 0.000000e+000 0.000000e+000 0.000000e+000
7.300000e+002 DR 0 0 4.046368e-013 0.000000e+000 0.000000e+000 1.356177e-010 0.000000e+000 0.000000e+000 0.000000e+000 0.000000e+000
7.300000e+002 DC 0 0 0.000000e+000 0.000000e+000 0.000000e+000 4.364690e-010 0.000000e+000 0.000000e+000 0.000000e+000 0.000000e+000
7.300000e+002 FPS 0 0 1.426568e-007 0.000000e+000 0.000000e+000 0.000000e+000 0.000000e+000 0.000000e+000 0.000000e+000 0.000000e+000
7.300000e+002 FPS 1 0 1.191392e-006 1.917561e-002 3.367839e-005 0.000000e+000 0.000000e+000 0.000000e+000 0.000000e+000 0.000000e+000
7.300000e+002 FPS 2 0 5.465680e-005 1.971568e+000 1.572862e-002 0.000000e+000 0.000000e+000 0.000000e+000 0.000000e+000 0.000000e+000
7.300000e+002 FPS 3 0 0.000000e+000 3.170097e-001 5.144764e-002 0.000000e+000 0.000000e+000 0.000000e+000 0.000000e+000 0.000000e+000
7.300000e+002 FPS 4 0 0.000000e+000 5.250540e-001 8.519852e-002 0.000000e+000 0.000000e+000 0.000000e+000 0.000000e+000 0.000000e+000
7.300000e+002 FPS 5 0 0.000000e+000 6.675437e-001 1.082509e-001 0.000000e+000 0.000000e+000 0.000000e+000 0.000000e+000 0.000000e+000
7.300000e+002 FPS 6 0 0.000000e+000 7.535318e-001 1.222264e-001 0.000000e+000 0.000000e+000 0.000000e+000 0.000000e+000 0.000000e+000
7.300000e+002 FPS 7 0 0.000000e+000 8.082370e-001 1.311122e-001 0.000000e+000 0.000000e+000 0.000000e+000 0.000000e+000 0.000000e+000
7.300000e+002 FPS 8 0 0.000000e+000 8.418907e-001 1.365601e-001 0.000000e+000 0.000000e+000 0.000000e+000 0.000000e+000 0.000000e+000
7.300000e+002 FPS 9 0 0.000000e+000 8.529717e-001 1.383580e-001 0.000000e+000 0.000000e+000 0.000000e+000 0.000000e+000 0.000000e+000
7.300000e+002 FVS 0 0 0.000000e+000 3.367279e-001 0.000000e+000 0.000000e+000 0.000000e+000 0.000000e+000 0.000000e+000 0.000000e+000
7.300000e+002 FVS 1 0 0.000000e+000 7.226031e-001 0.000000e+000 0.000000e+000 0.000000e+000 0.000000e+000 0.000000e+000 0.000000e+000
7.300000e+002 FVS 2 0 0.000000e+000 0.000000e+000 0.000000e+000 0.000000e+000 0.000000e+000 0.000000e+000 0.000000e+000 0.000000e+000
7.300000e+002 FVS 3 0 0.000000e+000 0.000000e+000 0.000000e+000 0.000000e+000 0.000000e+000 0.000000e+000 0.000000e+000 0.000000e+000
7.300000e+002 FVS 4 0 0.000000e+000 0.000000e+000 0.000000e+000 0.000000e+000 0.000000e+000 0.000000e+000 0.000000e+000 0.000000e+000
7.300000e+002 FVS 5 0 0.000000e+000 0.000000e+000 0.000000e+000 0.000000e+000 0.000000e+000 0.000000e+000 0.000000e+000 0.000000e+000
7.300000e+002 FVS 6 0 0.000000e+000 0.000000e+000 0.000000e+000 0.000000e+000 0.000000e+000 0.000000e+000 0.000000e+000 0.000000e+000
7.300000e+002 FVS 7 0 0.000000e+000 0.000000e+000 0.000000e+000 0.000000e+000 0.000000e+000 0.000000e+000 0.000000e+000 0.000000e+000
7.300000e+002 FVS 8 0 0.000000e+000 0.000000e+000 0.000000e+000 0.000000e+000 0.000000e+000 0.000000e+000 0.000000e+000 0.000000e+000
7.300000e+002 FVS 9 0 0.000000e+000 0.000000e+000 0.000000e+000 0.000000e+000 0.000000e+000 0.000000e+000 0.000000e+000 0.000000e+000
7.300000e+002 CEP 0 0 0.000000e+000 4.385835e+000 8.111145e-005 0.000000e+000 0.000000e+000 0.000000e+000 0.000000e+000 0.000000e+000
7.300000e+002 CEP 1 0 0.000000e+000 3.240620e-004 8.843008e-026 0.000000e+000 0.000000e+000 0.000000e+000 0.000000e+000 0.000000e+000
7.300000e+002 BML 0 0 0.000000e+000 0.000000e+000 0.000000e+000 0.000000e+000 0.000000e+000 0.000000e+000 0.000000e+000 0.000000e+000
7.300000e+002 PL 0 0 1.294378e-005 4.440297e-005 0.000000e+000 0.000000e+000 0.000000e+000 0.000000e+000 0.000000e+000 0.000000e+000
7.300000e+002 DL 0 0 1.168294e-008 0.000000e+000 0.000000e+000 4.835503e-010 0.000000e+000 0.000000e+000 0.000000e+000 0.000000e+000
7.300000e+002 DR 0 0 5.260260e-009 0.000000e+000 0.000000e+000 1.395974e-007 0.000000e+000 0.000000e+000 0.000000e+000 0.000000e+000
7.300000e+002 DC 0 0 0.000000e+000 0.000000e+000 0.000000e+000 3.292325e-007 0.000000e+000 0.000000e+000 0.000000e+000 0.000000e+000
1.094500e+003 FPS 0 0 2.709388e-008 0.000000e+000 0.000000e+000 0.000000e+000 0.000000e+000 0.000000e+000 0.000000e+000 0.000000e+000
1.094500e+003 FPS 1 0 6.120600e-007 0.000000e+000 1.447232e-005 0.000000e+000 0.000000e+000 0.000000e+000 0.000000e+000 0.000000e+000
1.094500e+003 FPS 2 0 2.474541e-006 4.180881e-002 7.670378e-004 0.000000e+000 0.000000e+000 0.000000e+000 0.000000e+000 0.000000e+000
1.094500e+003 FPS 3 0 0.000000e+000 5.972758e-002 2.383265e-002 0.000000e+000 0.000000e+000 0.000000e+000 0.000000e+000 0.000000e+000
1.094500e+003 FPS 4 0 0.000000e+000 1.793874e-001 7.148243e-002 0.000000e+000 0.000000e+000 0.000000e+000 0.000000e+000 0.000000e+000
1.094500e+003 FPS 5 0 0.000000e+000 2.989083e-001 1.190858e-001 0.000000e+000 0.000000e+000 0.000000e+000 0.000000e+000 0.000000e+000
1.094500e+003 FPS 6 0 0.000000e+000 3.768669e-001 1.501291e-001 0.000000e+000 0.000000e+000 0.000000e+000 0.000000e+000 0.000000e+000
1.094500e+003 FPS 7 0 0.000000e+000 4.285098e-001 1.706985e-001 0.000000e+000 0.000000e+000 0.000000e+000 0.000000e+000 0.000000e+000
1.094500e+003 FPS 8 0 0.000000e+000 4.605240e-001 1.834427e-001 0.000000e+000 0.000000e+000 0.000000e+000 0.000000e+000 0.000000e+000
1.094500e+003 FPS 9 0 0.000000e+000 4.798590e-001 1.911444e-001 0.000000e+000 0.000000e+000 0.000000e+000 0.000000e+000 0.000000e+000
1.094500e+003 FVS 0 0 0.000000e+000 4.041058e-002 0.000000e+000 0.000000e+000 0.000000e+000 0.000000e+000 0.000000e+000 0.000000e+000
1.094500e+003 FVS 1 0 0.000000e+000 2.790213e-001 0.000000e+000 0.000000e+000 0.000000e+000 0.000000e+000 0.000000e+000 0.000000e+000
1.094500e+003 FVS 2 0 0.000000e+000 0.000000e+000 0.000000e+000 0.000000e+000 0.000000e+000 0.000000e+000 0.000000e+000 0.000000e+000
1.094500e+003 FVS 3 0 0.000000e+000 0.000000e+000 0.000000e+000 0.000000e+000 0.000000e+000 0.000000e+000 0.000000e+000 0.000000e+000
1.094500e+003 FVS 4 0 0.000000e+000 0.000000e+000 0.000000e+000 0.000000e+000 0.000000e+000 0.000000e+000 0.000000e+000 0.000000e+000
1.094500e+003 FVS 5 0 0.000000e+000 0.000000e+000 0.000000e+000 0.000000e+000 0.000000e+000 0.000000e+000 0.000000e+000 0.000000e+000
1.094500e+003 FVS 6 0 0.000000e+000 0.000000e+000 0.000000e+000 0.000000e+000 0.000000e+000 0.000000e+000 0.000000e+000 0.000000e+000
1.094500e+003 FVS 7 0 0.000000e+000 0.000000e+000 0.000000e+000 0.000000e+000 0.000000e+000 0.000000e+000 0.000000e+000 0.000000e+000
1.094500e+003 FVS 8 0 0.000000e+000 0.000000e+000 0.000000e+000 0.000000e+000 0.000000e+000 0.000000e+000 0.000000e+000 0.000000e+000
1.094500e+003 FVS 9 0 0.000000e+000 0.000000e+000 0.000000e+000 0.000000e+000 0.000000e+000 0.000000e+000 0.000000e+000 0.000000e+000
1.094500e+003 CEP 0 0 0.000000e+000 3.973000e+000 8.294965e-005 0.000000e+000 0.000000e+000 0.000000e+000 0.000000e+000 0.000000e+000
1.094500e+003 CEP 1 0 0.000000e+000 2.581001e-004 3.776935e-026 0.000000e+000 0.000000e+000 0.000000e+000 0.000000e+000 0.000000e+000
1.094500e+003 BML 0 0 0.000000e+000 0.000000e+000 0.000000e+000 0.000000e+000 0.000000e+000 0.000000e+000 0.000000e+000 0.000000e+000
1.094500e+003 PL 0 0 2.391802e-008 1.547917e-008 0.000000e+000 0.000000e+000 0.000000e+000 0.000000e+000 0.000000e+000 0.000000e+000
1.094500e+003 DL 0 0 4.743736e-012 0.000000e+000 0.000000e+000 6.408780e-013 0.000000e+000 0.000000e+000 0.000000e+000 0.000000e+000
1.094500e+003 DR 0 0 2.470174e-012 0.000000e+000 0.000000e+000 1.035374e-010 0.000000e+000 0.000000e+000 0.000000e+000 0.000000e+000
1.094500e+003 DC 0 0 0.000000e+000 0.000000e+000 0.000000e+000 4.212247e-010 0.000000e+000 0.000000e+000 0.000000e+000 0.000000e+000
